Optimal: 949
Best Bound: 563.0137014237364
Columns: 1368
N Iter: 3752959
N Nodes: 247673
Status: time limit exceeded
Time: 2000.3600000000006
Limit: True
solution for: CVRP_MTZ
objective: 991
x_0_8=1
x_0_13=1
x_0_18=1
x_0_24=1
x_0_30=1
x_0_33=1
x_1_20=1
x_2_28=1
x_3_1=1
x_4_14=1
x_5_3=1
x_6_0=1
x_7_16=1
x_8_5=1
x_9_21=1
x_10_26=1
x_11_10=1
x_12_0=1
x_13_11=1
x_14_0=1
x_15_32=1
x_16_0=1
x_17_34=1
x_18_17=1
x_19_31=1
x_20_36=1
x_21_2=1
x_22_12=1
x_23_22=1
x_24_27=1
x_25_0=1
x_26_4=1
x_27_35=1
x_28_23=1
x_29_0=1
x_30_15=1
x_31_6=1
x_32_7=1
x_33_9=1
x_34_19=1
x_35_25=1
x_36_29=1
U_1=51
U_2=69
U_3=50
U_4=86
U_5=27
U_6=90
U_7=78
U_8=20
U_9=27
U_10=61
U_11=42
U_12=95
U_13=26
U_14=99
U_15=45
U_16=95
U_17=22
U_18=8
U_19=51
U_20=56
U_21=46
U_22=93
U_23=81
U_24=18
U_25=96
U_26=81
U_27=26
U_28=72
U_29=95
U_30=26
U_31=72
U_32=66
U_33=8
U_34=41
U_35=92
U_36=77
