Optimal: 949
Best Bound: 889.8392140532288
Columns: 2664
N Iter: 1400455
N Nodes: 19485
Status: time limit exceeded
Time: 2000.8899999999994
Limit: True
solution for: CVRP_GG
objective: 949
x_0_4=1
x_0_16=1
x_0_18=1
x_0_24=1
x_0_26=1
x_0_27=1
x_1_3=1
x_2_33=1
x_3_5=1
x_4_10=1
x_5_8=1
x_6_14=1
x_7_0=1
x_8_20=1
x_9_19=1
x_10_11=1
x_11_12=1
x_12_22=1
x_13_0=1
x_14_0=1
x_15_30=1
x_16_35=1
x_17_34=1
x_18_17=1
x_19_31=1
x_20_0=1
x_21_9=1
x_22_23=1
x_23_28=1
x_24_29=1
x_25_7=1
x_26_21=1
x_27_32=1
x_28_2=1
x_29_36=1
x_30_13=1
x_31_0=1
x_32_15=1
x_33_0=1
x_34_1=1
x_35_25=1
x_36_6=1
F_0_4=3.000
F_0_26=11.000
F_1_3=42.000
F_2_33=92.000
F_3_5=65.000
F_4_10=8.000
F_5_8=72.000
F_6_14=75.000
F_7_0=99.000
F_8_20=92.000
F_9_19=69.000
F_10_11=27.000
F_11_12=43.000
F_12_22=45.000
F_13_0=100.000
F_14_0=88.000
F_15_30=48.000
F_16_35=17.000
F_17_34=22.000
F_18_17=8.000
F_19_31=79.000
F_20_0=97.000
F_21_9=50.000
F_22_23=57.000
F_23_28=66.000
F_24_29=18.000
F_25_7=87.000
F_26_21=31.000
F_27_32=8.000
F_28_2=69.000
F_29_36=36.000
F_30_13=74.000
F_31_0=100.000
F_32_15=29.000
F_33_0=100.000
F_34_1=41.000
F_35_25=83.000
F_36_6=57.000
