Optimal: 784
Best Bound: 784.0000000000173
Columns: 2178
N Iter: 186967
N Nodes: 3358
Status: integer optimal solution
Time: 180.92199999999866
Limit: False
solution for: CVRP_BHM
objective: 784
x_0_6=1
x_0_12=1
x_0_20=1
x_0_21=1
x_0_27=1
x_0_30=0
x_0_32=1
x_1_7=0
x_1_12=1
x_1_16=1
x_1_21=0
x_1_32=0
x_2_3=1
x_2_6=0
x_2_23=1
x_3_2=1
x_3_6=1
x_3_17=0
x_4_11=1
x_4_23=1
x_5_20=1
x_5_25=1
x_6_0=1
x_6_2=0
x_6_3=1
x_6_28=0
x_7_1=0
x_7_13=1
x_7_21=0
x_7_26=1
x_8_9=1
x_8_18=1
x_9_8=1
x_9_22=1
x_10_15=1
x_10_25=1
x_11_4=1
x_11_28=1
x_12_0=1
x_12_1=1
x_13_7=1
x_13_17=1
x_14_23=0
x_14_28=1
x_14_32=1
x_15_10=1
x_15_22=1
x_16_1=1
x_16_21=0
x_16_30=1
x_17_3=0
x_17_13=1
x_17_19=1
x_18_8=1
x_18_29=1
x_19_17=1
x_19_31=1
x_20_0=1
x_20_5=1
x_21_0=1
x_21_1=0
x_21_7=0
x_21_16=0
x_21_31=1
x_22_9=1
x_22_15=1
x_23_2=1
x_23_4=1
x_23_14=0
x_24_27=1
x_24_32=1
x_25_5=1
x_25_10=1
x_26_7=1
x_26_32=1
x_27_0=1
x_27_24=1
x_27_32=0
x_28_6=0
x_28_11=1
x_28_14=1
x_29_18=1
x_29_32=1
x_30_0=0
x_30_16=1
x_30_32=1
x_31_19=1
x_31_21=1
G_0_6=98.000
G_0_12=72.000
G_0_14=-0.000
G_0_16=-0.000
G_0_20=98.000
G_0_21=98.000
G_0_27=44.000
G_0_32=100.000
G_1_12=49.000
G_1_16=32.000
G_2_3=20.000
G_2_23=59.000
G_3_2=80.000
G_3_6=14.000
G_4_11=32.000
G_4_23=49.000
G_5_20=10.000
G_5_25=83.000
G_6_0=2.000
G_6_2=0.000
G_6_3=86.000
G_6_28=0.000
G_7_1=0.000
G_7_13=82.000
G_7_26=2.000
G_8_9=91.000
G_8_18=3.000
G_9_8=9.000
G_9_22=75.000
G_10_15=51.000
G_10_25=41.000
G_11_4=68.000
G_11_28=18.000
G_12_0=28.000
G_12_1=51.000
G_13_7=18.000
G_13_17=66.000
G_14_0=0.000
G_14_23=0.000
G_14_28=97.000
G_14_32=0.000
G_15_10=49.000
G_15_22=29.000
G_16_1=68.000
G_16_30=14.000
G_17_3=-0.000
G_17_13=34.000
G_17_19=47.000
G_18_8=97.000
G_18_29=2.000
G_19_17=53.000
G_19_31=23.000
G_20_0=2.000
G_20_5=90.000
G_21_0=2.000
G_21_1=-0.000
G_21_7=-0.000
G_21_16=0.000
G_21_31=86.000
G_22_9=25.000
G_22_15=71.000
G_23_2=41.000
G_23_4=51.000
G_23_14=0.000
G_24_27=76.000
G_25_5=17.000
G_25_10=59.000
G_26_7=98.000
G_27_0=56.000
G_27_24=24.000
G_28_11=82.000
G_28_14=3.000
G_29_18=98.000
G_29_27=-0.000
G_30_0=-0.000
G_30_16=86.000
G_31_19=77.000
G_31_21=14.000
G_32_1=0.000
G_32_14=100.000
G_32_24=100.000
G_32_26=100.000
G_32_27=-0.000
G_32_29=100.000
G_32_30=100.000
