Optimal: 949
Best Bound: 871.9314761627481
Columns: 2888
N Iter: 5738437
N Nodes: 589010
Status: time limit exceeded
Time: 2001.4689999999973
Limit: True
solution for: CVRP_BHM
objective: 1012
x_0_4=1
x_0_6=1
x_0_7=1
x_0_18=1
x_0_20=1
x_0_35=1
x_0_37=1
x_1_3=1
x_1_17=1
x_2_21=1
x_2_28=1
x_3_1=1
x_3_5=1
x_4_0=1
x_4_12=1
x_5_3=1
x_5_8=1
x_6_0=1
x_6_8=1
x_7_0=1
x_7_16=1
x_8_5=1
x_8_6=1
x_9_21=1
x_9_33=1
x_10_18=1
x_10_26=1
x_11_12=1
x_11_30=1
x_12_4=1
x_12_11=1
x_13_25=1
x_13_37=1
x_14_17=1
x_14_37=1
x_15_30=1
x_15_32=1
x_16_7=1
x_16_24=1
x_17_1=1
x_17_14=1
x_18_0=1
x_18_10=1
x_19_26=1
x_19_31=1
x_20_0=1
x_20_33=1
x_21_2=1
x_21_9=1
x_22_23=1
x_22_37=1
x_23_22=1
x_23_28=1
x_24_16=1
x_24_36=1
x_25_13=1
x_25_35=1
x_26_10=1
x_26_19=1
x_27_32=1
x_27_37=1
x_28_2=1
x_28_23=1
x_29_36=1
x_29_37=1
x_30_11=1
x_30_15=1
x_31_19=1
x_31_34=1
x_32_15=1
x_32_27=1
x_33_9=1
x_33_20=1
x_34_31=1
x_34_37=1
x_35_0=1
x_35_25=1
x_36_24=1
x_36_29=1
G_0_4=97.000
G_0_6=96.000
G_0_7=86.000
G_0_18=97.000
G_0_20=98.000
G_0_35=96.000
G_0_37=100.000
G_1_3=72.000
G_1_17=27.000
G_2_21=53.000
G_2_28=24.000
G_3_1=28.000
G_3_5=49.000
G_4_0=3.000
G_4_12=92.000
G_5_3=51.000
G_5_8=42.000
G_6_0=4.000
G_6_8=78.000
G_7_0=14.000
G_7_16=74.000
G_8_5=58.000
G_8_6=22.000
G_9_21=66.000
G_9_33=15.000
G_10_18=11.000
G_10_26=70.000
G_11_12=10.000
G_11_30=74.000
G_12_4=8.000
G_12_11=90.000
G_13_25=74.000
G_14_17=87.000
G_15_30=52.000
G_15_32=29.000
G_16_7=26.000
G_16_24=57.000
G_17_1=73.000
G_17_14=13.000
G_18_0=3.000
G_18_10=89.000
G_19_26=50.000
G_19_31=40.000
G_20_0=2.000
G_20_33=93.000
G_21_2=47.000
G_21_9=34.000
G_22_23=88.000
G_23_22=12.000
G_23_28=79.000
G_24_16=43.000
G_24_36=39.000
G_25_13=26.000
G_25_35=70.000
G_26_10=30.000
G_26_19=50.000
G_27_32=92.000
G_28_2=76.000
G_28_23=21.000
G_29_36=82.000
G_30_11=26.000
G_30_15=48.000
G_31_19=60.000
G_31_34=19.000
G_32_15=71.000
G_32_27=8.000
G_33_9=85.000
G_33_20=7.000
G_34_31=81.000
G_35_0=4.000
G_35_25=30.000
G_36_24=61.000
G_36_29=18.000
G_37_13=100.000
G_37_14=100.000
G_37_22=100.000
G_37_27=100.000
G_37_29=100.000
G_37_34=100.000
