Optimal: 784
Best Bound: 739.4155617331622
Columns: 1984
N Iter: 2318712
N Nodes: 32079
Status: time limit exceeded
Time: 2000.203999999998
Limit: True
solution for: CVRP_GG
objective: 784
x_0_6=1
x_0_12=1
x_0_20=1
x_0_26=1
x_0_27=1
x_1_16=1
x_2_3=1
x_3_23=1
x_4_11=1
x_5_25=1
x_6_2=1
x_7_13=1
x_8_18=1
x_9_8=1
x_10_15=1
x_11_28=1
x_12_1=1
x_13_17=1
x_14_0=1
x_15_22=1
x_16_30=1
x_17_19=1
x_18_29=1
x_19_31=1
x_20_5=1
x_21_0=1
x_22_9=1
x_23_4=1
x_24_0=1
x_25_10=1
x_26_7=1
x_27_24=1
x_28_14=1
x_29_0=1
x_30_0=1
x_31_21=1
F_0_12=28.000
F_0_26=2.000
F_1_16=68.000
F_2_3=33.000
F_3_23=39.000
F_4_11=66.000
F_5_25=15.000
F_6_2=12.000
F_7_13=20.000
F_8_18=95.000
F_9_8=89.000
F_10_15=47.000
F_11_28=80.000
F_12_1=49.000
F_13_17=36.000
F_14_0=98.000
F_15_22=69.000
F_16_30=86.000
F_17_19=55.000
F_18_29=96.000
F_19_31=79.000
F_20_5=8.000
F_21_0=100.000
F_22_9=73.000
F_23_4=47.000
F_24_0=44.000
F_25_10=39.000
F_26_7=4.000
F_27_24=20.000
F_28_14=95.000
F_29_0=98.000
F_30_0=100.000
F_31_21=88.000
