Optimal: 914
Best Bound: 565.9913814932918
Columns: 2115
N Iter: 4534628
N Nodes: 249382
Status: time limit exceeded
Time: 2000.2350000000006
Limit: True
solution for: CVRP_MTZ
objective: 944
x_0_4=1
x_0_9=1
x_0_10=1
x_0_11=1
x_0_23=1
x_0_39=1
x_0_41=1
x_1_40=1
x_2_37=1
x_3_32=1
x_4_30=1
x_5_0=1
x_6_43=1
x_7_22=1
x_8_15=1
x_9_17=1
x_10_44=1
x_11_8=1
x_12_7=1
x_13_26=1
x_14_0=1
x_15_24=1
x_16_42=1
x_17_0=1
x_18_35=1
x_19_0=1
x_20_27=1
x_21_28=1
x_22_3=1
x_23_45=1
x_24_16=1
x_25_18=1
x_26_14=1
x_27_1=1
x_28_0=1
x_29_21=1
x_30_2=1
x_31_29=1
x_32_5=1
x_33_36=1
x_34_31=1
x_35_19=1
x_36_0=1
x_37_38=1
x_38_0=1
x_39_12=1
x_40_34=1
x_41_20=1
x_42_33=1
x_43_13=1
x_44_25=1
x_45_6=1
U_1=34
U_2=61
U_3=84
U_4=20
U_5=98
U_6=33
U_7=61
U_8=14
U_9=10
U_10=15
U_11=7
U_12=41
U_13=63
U_14=99
U_15=37
U_16=69
U_17=29
U_18=65
U_19=95
U_20=12
U_21=96
U_22=83
U_23=18
U_24=56
U_25=56
U_26=87
U_27=22
U_28=100
U_29=87
U_30=35
U_31=67
U_32=96
U_33=94
U_34=54
U_35=83
U_36=97
U_37=84
U_38=85
U_39=17
U_40=47
U_41=6
U_42=91
U_43=53
U_44=36
U_45=20
