Optimal: 914
Best Bound: 874.2329988504174
Columns: 4140
N Iter: 1925674
N Nodes: 29239
Status: time limit exceeded
Time: 2000.3280000000013
Limit: True
solution for: CVRP_GG
objective: 914
x_0_5=1
x_0_11=1
x_0_13=1
x_0_14=1
x_0_19=1
x_0_23=1
x_0_28=1
x_1_40=1
x_2_37=1
x_3_0=1
x_4_30=1
x_5_32=1
x_6_45=1
x_7_10=1
x_8_0=1
x_9_0=1
x_10_39=1
x_11_12=1
x_12_35=1
x_13_4=1
x_14_26=1
x_15_24=1
x_16_42=1
x_17_9=1
x_18_25=1
x_19_15=1
x_20_27=1
x_21_0=1
x_22_7=1
x_23_0=1
x_24_16=1
x_25_44=1
x_26_43=1
x_27_1=1
x_28_41=1
x_29_21=1
x_30_2=1
x_31_29=1
x_32_22=1
x_33_8=1
x_34_31=1
x_35_18=1
x_36_0=1
x_37_38=1
x_38_0=1
x_39_36=1
x_40_34=1
x_41_20=1
x_42_33=1
x_43_6=1
x_44_3=1
x_45_17=1
F_1_40=38.000
F_2_37=71.000
F_3_0=100.000
F_4_30=30.000
F_5_32=2.000
F_6_45=69.000
F_7_10=56.000
F_8_0=99.000
F_9_0=100.000
F_10_39=71.000
F_11_12=7.000
F_12_35=31.000
F_13_4=10.000
F_14_26=12.000
F_15_24=35.000
F_16_42=67.000
F_17_9=90.000
F_18_25=58.000
F_19_15=12.000
F_20_27=16.000
F_21_0=100.000
F_22_7=36.000
F_23_0=18.000
F_24_16=54.000
F_25_44=78.000
F_26_43=36.000
F_27_1=26.000
F_28_41=4.000
F_29_21=91.000
F_30_2=45.000
F_31_29=71.000
F_32_22=14.000
F_33_8=92.000
F_34_31=58.000
F_35_18=49.000
F_36_0=91.000
F_37_38=94.000
F_38_0=95.000
F_39_36=88.000
F_40_34=51.000
F_41_20=10.000
F_42_33=89.000
F_43_6=56.000
F_44_3=99.000
F_45_17=71.000
