Optimal: 937
Best Bound: 885.5187978273049
Columns: 3784
N Iter: 1324293
N Nodes: 16808
Status: time limit exceeded
Time: 2000.7970000000023
Limit: True
solution for: CVRP_GG
objective: 955
x_0_7=1
x_0_22=1
x_0_26=1
x_0_31=1
x_0_34=1
x_0_43=1
x_1_0=1
x_2_0=1
x_3_25=1
x_4_0=1
x_5_21=1
x_6_0=1
x_7_5=1
x_8_15=1
x_9_38=1
x_10_11=1
x_11_16=1
x_12_3=1
x_13_14=1
x_14_41=1
x_15_28=1
x_16_20=1
x_17_12=1
x_18_35=1
x_19_0=1
x_20_18=1
x_21_32=1
x_22_36=1
x_23_30=1
x_24_19=1
x_25_6=1
x_26_10=1
x_27_24=1
x_28_27=1
x_29_40=1
x_30_39=1
x_31_8=1
x_32_42=1
x_33_4=1
x_34_17=1
x_35_1=1
x_36_9=1
x_37_33=1
x_38_13=1
x_39_0=1
x_40_23=1
x_41_2=1
x_42_37=1
x_43_29=1
F_0_7=1.000
F_0_31=-0.000
F_1_0=97.000
F_2_0=93.000
F_3_25=45.000
F_4_0=100.000
F_5_21=19.000
F_6_0=87.000
F_7_5=10.000
F_8_15=37.000
F_9_38=30.000
F_10_11=22.000
F_11_16=30.000
F_12_3=36.000
F_13_14=47.000
F_14_41=65.000
F_15_28=41.000
F_16_20=54.000
F_17_12=28.000
F_18_35=75.000
F_19_0=100.000
F_20_18=67.000
F_21_32=21.000
F_22_36=9.000
F_23_30=62.000
F_24_19=82.000
F_25_6=69.000
F_26_10=8.000
F_27_24=79.000
F_28_5=-0.000
F_28_27=55.000
F_29_40=31.000
F_30_39=86.000
F_31_8=23.000
F_32_42=30.000
F_33_4=81.000
F_34_17=14.000
F_35_1=89.000
F_36_9=27.000
F_37_33=68.000
F_38_13=34.000
F_39_0=94.000
F_40_23=44.000
F_41_2=69.000
F_42_37=44.000
F_43_29=18.000
