Optimal: 937
Best Bound: 882.1231900616991
Columns: 4050
N Iter: 9693670
N Nodes: 428164
Status: time limit exceeded
Time: 2001.530999999999
Limit: True
solution for: CVRP_BHM
objective: 1041
x_0_2=1
x_0_3=1
x_0_17=1
x_0_19=1
x_0_26=1
x_0_31=1
x_0_44=1
x_1_35=1
x_1_40=1
x_2_0=1
x_2_41=1
x_3_0=1
x_3_23=1
x_4_17=1
x_4_34=1
x_5_24=1
x_5_27=1
x_6_25=1
x_6_44=1
x_7_28=1
x_7_44=1
x_8_39=1
x_8_44=1
x_9_36=1
x_9_38=1
x_10_11=1
x_10_19=1
x_11_10=1
x_11_37=1
x_12_40=1
x_12_44=1
x_13_14=1
x_13_38=1
x_14_13=1
x_14_41=1
x_15_31=1
x_15_33=1
x_16_20=1
x_16_26=1
x_17_0=1
x_17_4=1
x_18_20=1
x_18_35=1
x_19_0=1
x_19_10=1
x_20_16=1
x_20_18=1
x_21_32=1
x_21_44=1
x_22_36=1
x_22_44=1
x_23_3=1
x_23_43=1
x_24_5=1
x_24_33=1
x_25_6=1
x_25_29=1
x_26_0=1
x_26_16=1
x_27_5=1
x_27_28=1
x_28_7=1
x_28_27=1
x_29_25=1
x_29_43=1
x_30_34=1
x_30_39=1
x_31_0=1
x_31_15=1
x_32_21=1
x_32_42=1
x_33_15=1
x_33_24=1
x_34_4=1
x_34_30=1
x_35_1=1
x_35_18=1
x_36_9=1
x_36_22=1
x_37_11=1
x_37_42=1
x_38_9=1
x_38_13=1
x_39_8=1
x_39_30=1
x_40_1=1
x_40_12=1
x_41_2=1
x_41_14=1
x_42_32=1
x_42_37=1
x_43_23=1
x_43_29=1
G_0_2=93.000
G_0_3=100.000
G_0_17=93.000
G_0_19=89.000
G_0_26=96.000
G_0_31=99.000
G_0_44=100.000
G_1_35=71.000
G_1_40=21.000
G_2_0=7.000
G_2_41=69.000
G_3_23=91.000
G_4_17=21.000
G_4_34=60.000
G_5_24=44.000
G_5_27=47.000
G_6_25=82.000
G_7_28=91.000
G_8_39=86.000
G_9_36=27.000
G_9_38=70.000
G_10_11=57.000
G_10_19=29.000
G_11_10=43.000
G_11_37=49.000
G_12_40=92.000
G_13_14=53.000
G_13_38=34.000
G_14_13=47.000
G_14_41=35.000
G_15_31=24.000
G_15_33=72.000
G_16_20=64.000
G_16_26=12.000
G_17_0=7.000
G_17_4=79.000
G_18_20=49.000
G_18_35=43.000
G_19_0=11.000
G_19_10=71.000
G_20_16=36.000
G_20_18=51.000
G_21_32=98.000
G_22_36=91.000
G_23_3=9.000
G_23_43=73.000
G_24_5=56.000
G_24_33=41.000
G_25_6=18.000
G_25_29=58.000
G_26_0=4.000
G_26_16=88.000
G_27_5=53.000
G_27_28=23.000
G_28_7=9.000
G_28_27=77.000
G_29_25=42.000
G_29_43=45.000
G_30_34=54.000
G_30_39=22.000
G_31_0=1.000
G_31_15=76.000
G_32_21=2.000
G_32_42=89.000
G_33_15=28.000
G_33_24=59.000
G_34_4=40.000
G_34_30=46.000
G_35_1=29.000
G_35_18=57.000
G_36_9=73.000
G_36_22=9.000
G_37_11=51.000
G_37_42=25.000
G_38_9=30.000
G_38_13=66.000
G_39_8=14.000
G_39_30=78.000
G_40_1=79.000
G_40_12=8.000
G_41_2=31.000
G_41_14=65.000
G_42_32=11.000
G_42_37=75.000
G_43_23=27.000
G_43_29=55.000
G_44_6=100.000
G_44_7=100.000
G_44_8=100.000
G_44_12=100.000
G_44_21=100.000
G_44_22=100.000
