Optimal: 937
Best Bound: 580.9194773024175
Columns: 1935
N Iter: 2721001
N Nodes: 225129
Status: time limit exceeded
Time: 2003.4219999999987
Limit: True
solution for: CVRP_MTZ
objective: 963
x_0_12=1
x_0_19=1
x_0_22=1
x_0_26=1
x_0_31=1
x_0_43=1
x_1_18=1
x_2_0=1
x_3_0=1
x_4_6=1
x_5_7=1
x_6_25=1
x_7_0=1
x_8_0=1
x_9_38=1
x_10_11=1
x_11_37=1
x_12_35=1
x_13_14=1
x_14_41=1
x_15_8=1
x_16_39=1
x_17_0=1
x_18_20=1
x_19_33=1
x_20_16=1
x_21_5=1
x_22_36=1
x_23_30=1
x_24_27=1
x_25_3=1
x_26_10=1
x_27_28=1
x_28_15=1
x_29_40=1
x_30_34=1
x_31_4=1
x_32_21=1
x_33_24=1
x_34_0=1
x_35_1=1
x_36_9=1
x_37_42=1
x_38_13=1
x_39_17=1
x_40_23=1
x_41_2=1
x_42_32=1
x_43_29=1
U_1=30
U_2=93
U_3=93
U_4=42
U_5=88
U_6=60
U_7=97
U_8=90
U_9=30
U_10=22
U_11=30
U_12=8
U_13=47
U_14=65
U_15=76
U_16=75
U_17=97
U_18=38
U_19=18
U_20=51
U_21=79
U_22=9
U_23=62
U_24=34
U_25=84
U_26=8
U_27=58
U_28=72
U_29=31
U_30=86
U_31=23
U_32=77
U_33=31
U_34=100
U_35=22
U_36=27
U_37=54
U_38=34
U_39=83
U_40=44
U_41=69
U_42=68
U_43=18
