Optimal: 914
Best Bound: 886.0287248110988
Columns: 4418
N Iter: 4185986
N Nodes: 99920
Status: time limit exceeded
Time: 2000.2969999999987
Limit: True
solution for: CVRP_BHM
objective: 914
x_0_8=1
x_0_13=1
x_0_19=1
x_0_23=1
x_0_32=1
x_0_38=1
x_0_44=1
x_0_46=1
x_1_27=1
x_1_40=1
x_2_4=1
x_2_37=1
x_3_22=1
x_3_32=1
x_4_2=1
x_4_30=1
x_5_36=1
x_5_39=1
x_6_43=1
x_6_45=1
x_7_10=1
x_7_39=1
x_8_0=1
x_8_33=1
x_9_17=1
x_9_46=1
x_10_7=1
x_10_22=1
x_11_12=1
x_11_46=1
x_12_11=1
x_12_35=1
x_13_0=1
x_13_30=1
x_14_26=1
x_14_46=1
x_15_19=1
x_15_24=1
x_16_24=1
x_16_42=1
x_17_9=1
x_17_45=1
x_18_25=1
x_18_35=1
x_19_0=1
x_19_15=1
x_20_27=1
x_20_41=1
x_21_29=1
x_21_46=1
x_22_3=1
x_22_10=1
x_23_0=1
x_23_46=1
x_24_15=1
x_24_16=1
x_25_18=1
x_25_44=1
x_26_14=1
x_26_43=1
x_27_1=1
x_27_20=1
x_28_41=1
x_28_46=1
x_29_21=1
x_29_31=1
x_30_4=1
x_30_13=1
x_31_29=1
x_31_34=1
x_32_0=1
x_32_3=1
x_33_8=1
x_33_42=1
x_34_31=1
x_34_40=1
x_35_12=1
x_35_18=1
x_36_5=1
x_36_46=1
x_37_2=1
x_37_38=1
x_38_0=1
x_38_37=1
x_39_5=1
x_39_7=1
x_40_1=1
x_40_34=1
x_41_20=1
x_41_28=1
x_42_16=1
x_42_33=1
x_43_6=1
x_43_26=1
x_44_0=1
x_44_25=1
x_45_6=1
x_45_17=1
G_0_8=99.000
G_0_13=100.000
G_0_19=100.000
G_0_23=18.000
G_0_32=92.000
G_0_38=95.000
G_0_44=99.000
G_0_46=100.000
G_1_27=26.000
G_1_40=62.000
G_2_4=45.000
G_2_37=29.000
G_3_22=79.000
G_3_32=20.000
G_4_2=55.000
G_4_30=25.000
G_5_36=3.000
G_5_39=95.000
G_6_43=56.000
G_6_45=31.000
G_7_10=58.000
G_7_39=22.000
G_8_0=1.000
G_8_33=92.000
G_9_17=90.000
G_10_7=42.000
G_10_22=43.000
G_11_12=93.000
G_12_11=7.000
G_12_35=69.000
G_13_30=90.000
G_14_26=88.000
G_15_19=12.000
G_15_24=65.000
G_16_24=54.000
G_16_42=33.000
G_17_9=10.000
G_17_45=71.000
G_18_25=42.000
G_18_35=49.000
G_19_15=88.000
G_20_27=84.000
G_20_41=10.000
G_21_29=91.000
G_22_3=21.000
G_22_10=57.000
G_23_0=82.000
G_24_15=35.000
G_24_16=46.000
G_25_18=58.000
G_25_44=22.000
G_26_14=12.000
G_26_43=64.000
G_27_1=74.000
G_27_20=16.000
G_28_41=96.000
G_29_21=9.000
G_29_31=71.000
G_30_4=75.000
G_30_13=10.000
G_31_29=29.000
G_31_34=58.000
G_32_0=8.000
G_32_3=80.000
G_33_8=8.000
G_33_42=89.000
G_34_31=42.000
G_34_40=51.000
G_35_12=31.000
G_35_18=51.000
G_36_5=97.000
G_37_2=71.000
G_37_38=6.000
G_38_0=5.000
G_38_37=94.000
G_39_5=5.000
G_39_7=78.000
G_40_1=38.000
G_40_34=49.000
G_41_20=90.000
G_41_28=4.000
G_42_16=67.000
G_42_33=11.000
G_43_6=44.000
G_43_26=36.000
G_44_0=1.000
G_44_25=78.000
G_45_6=69.000
G_45_17=29.000
G_46_9=100.000
G_46_11=100.000
G_46_14=100.000
G_46_21=100.000
G_46_23=100.000
G_46_28=100.000
G_46_36=100.000
