Optimal: 1288
Best Bound: 606.8606654825954
Columns: 3843
N Iter: 2630360
N Nodes: 84966
Status: time limit exceeded
Time: 2000.5939999999973
Limit: True
solution for: CVRP_MTZ
objective: 1426
x_0_2=1
x_0_28=1
x_0_34=1
x_0_39=1
x_0_40=1
x_0_48=1
x_0_50=1
x_0_61=1
x_1_0=1
x_2_44=1
x_3_42=1
x_4_21=1
x_5_14=1
x_6_32=1
x_7_0=1
x_8_10=1
x_9_3=1
x_10_51=1
x_11_49=1
x_12_19=1
x_13_60=1
x_14_56=1
x_15_12=1
x_16_36=1
x_17_58=1
x_18_53=1
x_19_38=1
x_20_7=1
x_21_41=1
x_22_37=1
x_23_27=1
x_24_47=1
x_25_11=1
x_26_59=1
x_27_1=1
x_28_15=1
x_29_43=1
x_30_18=1
x_31_25=1
x_32_57=1
x_33_35=1
x_34_31=1
x_35_20=1
x_36_52=1
x_37_16=1
x_38_13=1
x_39_24=1
x_40_6=1
x_41_23=1
x_42_30=1
x_43_8=1
x_44_22=1
x_45_46=1
x_46_0=1
x_47_45=1
x_48_54=1
x_49_4=1
x_50_17=1
x_51_0=1
x_52_0=1
x_53_0=1
x_54_9=1
x_55_26=1
x_56_0=1
x_57_55=1
x_58_33=1
x_59_0=1
x_60_5=1
x_61_29=1
U_1=98
U_2=18
U_3=51
U_4=44
U_5=64
U_6=37
U_7=91
U_8=46
U_9=35
U_10=62
U_11=17
U_12=30
U_13=55
U_14=66
U_15=24
U_16=71
U_17=16
U_18=91
U_19=50
U_20=87
U_21=45
U_22=30
U_23=60
U_24=38
U_25=10
U_26=75
U_27=72
U_28=2
U_29=21
U_30=88
U_31=4
U_32=46
U_33=62
U_34=2
U_35=80
U_36=90
U_37=48
U_38=54
U_39=16
U_40=26
U_41=48
U_42=74
U_43=37
U_44=28
U_45=71
U_46=92
U_47=62
U_48=24
U_49=36
U_50=12
U_51=78
U_52=96
U_53=93
U_54=26
U_55=64
U_56=89
U_57=62
U_58=42
U_59=96
U_60=57
U_61=7
