Optimal: 1288
Best Bound: 1185.2140718789542
Columns: 7564
N Iter: 1771069
N Nodes: 8472
Status: time limit exceeded
Time: 2000.4219999999987
Limit: True
solution for: CVRP_GG
objective: 1322
x_0_7=1
x_0_28=1
x_0_34=1
x_0_45=1
x_0_52=1
x_0_59=1
x_0_60=1
x_0_61=1
x_1_5=1
x_2_44=1
x_3_42=1
x_4_21=1
x_5_14=1
x_6_32=1
x_7_40=1
x_8_10=1
x_9_54=1
x_10_51=1
x_11_9=1
x_12_0=1
x_13_12=1
x_14_0=1
x_15_38=1
x_16_36=1
x_17_50=1
x_18_13=1
x_19_56=1
x_20_0=1
x_21_41=1
x_22_37=1
x_23_27=1
x_24_47=1
x_25_4=1
x_26_33=1
x_27_39=1
x_28_15=1
x_29_43=1
x_30_18=1
x_31_35=1
x_32_57=1
x_33_58=1
x_34_31=1
x_35_49=1
x_36_0=1
x_37_16=1
x_38_19=1
x_39_3=1
x_40_6=1
x_41_23=1
x_42_0=1
x_43_8=1
x_44_22=1
x_45_24=1
x_46_30=1
x_47_46=1
x_48_53=1
x_49_11=1
x_50_0=1
x_51_0=1
x_52_2=1
x_53_0=1
x_54_1=1
x_55_26=1
x_56_48=1
x_57_20=1
x_58_17=1
x_59_55=1
x_60_25=1
x_61_29=1
F_0_7=27.000
F_0_28=3.000
F_1_5=85.000
F_2_44=24.000
F_3_42=76.000
F_4_21=16.000
F_5_14=92.000
F_6_32=68.000
F_7_40=31.000
F_8_10=46.000
F_9_54=57.000
F_10_51=62.000
F_11_9=48.000
F_12_0=100.000
F_13_12=94.000
F_14_0=94.000
F_15_38=27.000
F_16_36=77.000
F_17_50=84.000
F_18_13=93.000
F_19_56=51.000
F_20_0=100.000
F_21_41=17.000
F_22_37=36.000
F_23_27=32.000
F_24_47=31.000
F_25_4=8.000
F_26_33=34.000
F_27_39=44.000
F_28_15=5.000
F_29_43=21.000
F_30_18=90.000
F_31_35=4.000
F_32_57=77.000
F_33_58=54.000
F_34_31=2.000
F_35_49=22.000
F_36_0=96.000
F_37_16=54.000
F_38_19=31.000
F_39_3=60.000
F_40_6=57.000
F_41_23=20.000
F_42_0=99.000
F_43_8=37.000
F_44_22=34.000
F_45_24=9.000
F_46_30=76.000
F_47_46=55.000
F_48_53=98.000
F_49_11=41.000
F_50_0=96.000
F_51_0=78.000
F_52_2=6.000
F_53_0=100.000
F_54_1=59.000
F_55_26=23.000
F_56_48=74.000
F_57_20=93.000
F_58_17=80.000
F_59_55=21.000
F_60_25=2.000
F_61_29=7.000
