Optimal: 1288
Best Bound: 1181.9366620452329
Columns: 7938
N Iter: 2028454
N Nodes: 32261
Status: time limit exceeded
Time: 2000.547000000006
Limit: True
solution for: CVRP_BHM
objective: 2857
x_0_7=1
x_0_16=1
x_0_24=1
x_0_28=1
x_0_32=1
x_0_45=1
x_0_46=1
x_0_49=1
x_0_62=1
x_1_5=1
x_1_40=1
x_2_25=1
x_2_52=1
x_3_41=1
x_3_62=1
x_4_54=1
x_4_59=1
x_5_1=1
x_5_37=1
x_6_17=1
x_6_57=1
x_7_0=1
x_7_61=1
x_8_43=1
x_8_48=1
x_9_14=1
x_9_23=1
x_10_13=1
x_10_53=1
x_11_17=1
x_11_34=1
x_12_30=1
x_12_41=1
x_13_10=1
x_13_60=1
x_14_9=1
x_14_46=1
x_15_44=1
x_15_51=1
x_16_0=1
x_16_37=1
x_17_6=1
x_17_11=1
x_18_20=1
x_18_62=1
x_19_22=1
x_19_62=1
x_20_18=1
x_20_36=1
x_21_36=1
x_21_55=1
x_22_19=1
x_22_52=1
x_23_9=1
x_23_25=1
x_24_0=1
x_24_47=1
x_25_2=1
x_25_23=1
x_26_54=1
x_26_58=1
x_27_35=1
x_27_39=1
x_28_0=1
x_28_51=1
x_29_33=1
x_29_61=1
x_30_12=1
x_30_38=1
x_31_32=1
x_31_50=1
x_32_0=1
x_32_31=1
x_33_29=1
x_33_38=1
x_34_11=1
x_34_62=1
x_35_27=1
x_35_53=1
x_36_20=1
x_36_21=1
x_37_5=1
x_37_16=1
x_38_30=1
x_38_33=1
x_39_27=1
x_39_45=1
x_40_1=1
x_40_62=1
x_41_3=1
x_41_12=1
x_42_47=1
x_42_49=1
x_43_8=1
x_43_50=1
x_44_15=1
x_44_57=1
x_45_0=1
x_45_39=1
x_46_0=1
x_46_14=1
x_47_24=1
x_47_42=1
x_48_8=1
x_48_62=1
x_49_0=1
x_49_42=1
x_50_31=1
x_50_43=1
x_51_15=1
x_51_28=1
x_52_2=1
x_52_22=1
x_53_10=1
x_53_35=1
x_54_4=1
x_54_26=1
x_55_21=1
x_55_59=1
x_56_60=1
x_56_62=1
x_57_6=1
x_57_44=1
x_58_26=1
x_58_62=1
x_59_4=1
x_59_55=1
x_60_13=1
x_60_56=1
x_61_7=1
x_61_29=1
G_0_7=88.000
G_0_16=100.000
G_0_24=88.000
G_0_28=90.000
G_0_32=72.000
G_0_45=99.000
G_0_46=96.000
G_0_49=100.000
G_0_62=100.000
G_1_5=48.000
G_1_40=26.000
G_2_25=54.000
G_2_52=28.000
G_3_41=84.000
G_4_54=39.000
G_4_59=53.000
G_5_1=52.000
G_5_37=41.000
G_6_17=13.000
G_6_57=76.000
G_7_0=12.000
G_7_61=84.000
G_8_43=67.000
G_8_48=24.000
G_9_14=27.000
G_9_23=64.000
G_10_13=26.000
G_10_53=58.000
G_11_17=91.000
G_11_34=2.000
G_12_30=75.000
G_12_41=19.000
G_13_10=74.000
G_13_60=25.000
G_14_9=73.000
G_14_46=25.000
G_15_44=50.000
G_15_51=28.000
G_16_37=77.000
G_17_6=87.000
G_17_11=9.000
G_18_20=97.000
G_19_22=80.000
G_20_18=3.000
G_20_36=90.000
G_21_36=29.000
G_21_55=70.000
G_22_19=20.000
G_22_52=78.000
G_23_9=36.000
G_23_25=52.000
G_24_0=12.000
G_24_47=66.000
G_25_2=46.000
G_25_23=48.000
G_26_54=63.000
G_26_58=26.000
G_27_35=62.000
G_27_39=26.000
G_28_0=10.000
G_28_51=88.000
G_29_33=63.000
G_29_61=23.000
G_30_12=25.000
G_30_38=61.000
G_31_32=37.000
G_31_50=61.000
G_32_0=28.000
G_32_31=63.000
G_33_29=37.000
G_33_38=43.000
G_34_11=98.000
G_35_27=38.000
G_35_53=44.000
G_36_20=10.000
G_36_21=71.000
G_37_5=59.000
G_37_16=23.000
G_38_30=39.000
G_38_33=57.000
G_39_27=74.000
G_39_45=10.000
G_40_1=74.000
G_41_3=16.000
G_41_12=81.000
G_42_47=58.000
G_42_49=19.000
G_43_8=33.000
G_43_50=51.000
G_44_15=50.000
G_44_57=40.000
G_45_0=1.000
G_45_39=90.000
G_46_0=4.000
G_46_14=75.000
G_47_24=34.000
G_47_42=42.000
G_48_8=76.000
G_49_42=81.000
G_50_31=39.000
G_50_43=49.000
G_51_15=72.000
G_51_28=12.000
G_52_2=72.000
G_52_22=22.000
G_53_10=42.000
G_53_35=56.000
G_54_4=61.000
G_54_26=37.000
G_55_21=30.000
G_55_59=68.000
G_56_60=77.000
G_57_6=24.000
G_57_44=60.000
G_58_26=74.000
G_59_4=47.000
G_59_55=32.000
G_60_13=75.000
G_60_56=23.000
G_61_7=16.000
G_61_29=77.000
G_62_3=100.000
G_62_18=100.000
G_62_19=100.000
G_62_34=100.000
G_62_40=100.000
G_62_48=100.000
G_62_56=100.000
G_62_58=100.000
