Optimal: 529
Best Bound: 529.0000000000005
Columns: 1152
N Iter: 1490445
N Nodes: 37998
Status: integer optimal solution
Time: 255.63999999999942
Limit: False
solution for: CVRP_BHM
objective: 529
x_0_1=1
x_0_3=1
x_0_6=1
x_0_7=1
x_0_8=1
x_0_13=1
x_0_17=1
x_0_21=1
x_0_23=1
x_1_0=1
x_1_2=1
x_2_1=1
x_2_23=1
x_3_0=1
x_3_19=1
x_4_7=1
x_4_23=1
x_5_14=1
x_5_23=1
x_6_0=1
x_6_20=1
x_7_0=1
x_7_4=1
x_8_0=1
x_8_16=1
x_9_13=1
x_9_17=1
x_10_12=1
x_10_23=1
x_11_15=1
x_11_23=1
x_12_10=1
x_12_15=1
x_13_0=1
x_13_9=1
x_14_5=1
x_14_22=1
x_15_11=1
x_15_12=1
x_16_8=1
x_16_23=1
x_17_0=1
x_17_9=1
x_18_19=1
x_18_23=1
x_19_3=1
x_19_18=1
x_20_6=1
x_20_21=1
x_21_0=1
x_21_20=1
x_22_14=1
x_22_23=1
G_0_1=37.000
G_0_3=39.000
G_0_6=40.000
G_0_7=38.000
G_0_8=40.000
G_0_11=-0.000
G_0_13=40.000
G_0_15=0.000
G_0_17=40.000
G_0_21=39.000
G_0_23=40.000
G_1_0=3.000
G_1_2=30.000
G_2_1=10.000
G_3_0=1.000
G_3_19=23.000
G_4_7=17.000
G_5_14=29.000
G_6_11=0.000
G_6_13=-0.000
G_6_20=21.000
G_7_0=2.000
G_7_4=23.000
G_8_9=-0.000
G_8_16=12.000
G_9_8=0.000
G_9_13=6.000
G_9_17=26.000
G_10_12=32.000
G_11_0=0.000
G_11_6=-0.000
G_11_15=33.000
G_12_10=8.000
G_12_15=18.000
G_13_6=0.000
G_13_9=34.000
G_13_14=-0.000
G_14_5=11.000
G_14_13=0.000
G_14_22=10.000
G_15_11=7.000
G_15_12=22.000
G_16_0=-0.000
G_16_8=28.000
G_17_0=0.000
G_17_9=14.000
G_18_19=23.000
G_19_3=17.000
G_19_18=17.000
G_20_6=19.000
G_20_21=6.000
G_21_0=1.000
G_21_20=34.000
G_22_14=30.000
G_23_2=40.000
G_23_4=40.000
G_23_5=40.000
G_23_10=40.000
G_23_11=40.000
G_23_15=-0.000
G_23_16=40.000
G_23_18=40.000
G_23_22=40.000
