Optimal: 458
Best Bound: 457.99999999999875
Columns: 3362
N Iter: 137580
N Nodes: 1997
Status: integer optimal solution
Time: 139.51499999999942
Limit: False
solution for: CVRP_BHM
objective: 458
x_0_5=1
x_0_6=1
x_0_14=0
x_0_16=0
x_0_18=1
x_0_32=1
x_0_38=1
x_0_40=1
x_1_22=1
x_1_40=1
x_2_20=1
x_2_32=1
x_3_28=1
x_3_36=1
x_4_18=1
x_4_19=1
x_5_0=1
x_5_10=1
x_5_12=0
x_5_38=0
x_6_0=1
x_6_24=1
x_7_23=1
x_7_26=1
x_8_27=1
x_8_31=1
x_9_10=0
x_9_16=0
x_9_30=1
x_9_38=1
x_10_5=1
x_10_9=0
x_10_33=0
x_10_39=1
x_11_16=1
x_11_40=1
x_12_5=0
x_12_15=0
x_12_17=1
x_12_40=1
x_13_19=1
x_13_25=1
x_14_0=0
x_14_25=1
x_14_40=1
x_15_12=0
x_15_33=1
x_15_37=1
x_16_0=0
x_16_9=0
x_16_11=1
x_16_21=0
x_16_29=1
x_17_12=1
x_17_37=1
x_17_40=0
x_18_0=1
x_18_4=1
x_19_4=1
x_19_13=1
x_20_2=1
x_20_35=1
x_21_16=0
x_21_29=1
x_21_34=1
x_22_1=1
x_22_28=1
x_23_7=1
x_23_24=1
x_24_6=1
x_24_23=1
x_25_13=1
x_25_14=1
x_26_7=1
x_26_31=1
x_27_8=1
x_27_40=1
x_28_3=1
x_28_22=1
x_29_16=1
x_29_21=1
x_30_9=1
x_30_34=1
x_30_39=0
x_31_8=1
x_31_26=1
x_32_0=1
x_32_2=1
x_33_10=0
x_33_15=1
x_33_39=1
x_34_21=1
x_34_30=1
x_35_20=1
x_35_36=1
x_36_3=1
x_36_35=1
x_37_15=1
x_37_17=1
x_38_0=1
x_38_5=0
x_38_9=1
x_39_10=1
x_39_30=0
x_39_33=1
G_0_5=114.000
G_0_6=116.000
G_0_14=0.000
G_0_16=0.000
G_0_18=131.000
G_0_32=138.000
G_0_38=119.000
G_0_40=140.000
G_1_0=0.000
G_1_22=133.000
G_2_20=96.000
G_2_32=14.000
G_3_20=-0.000
G_3_22=0.000
G_3_28=29.000
G_3_36=95.000
G_4_18=50.000
G_4_19=81.000
G_5_0=26.000
G_5_10=93.000
G_6_0=24.000
G_6_24=101.000
G_7_23=65.000
G_7_26=56.000
G_8_27=15.000
G_8_31=102.000
G_8_32=-0.000
G_9_10=0.000
G_9_16=0.000
G_9_30=93.000
G_9_38=36.000
G_10_5=47.000
G_10_33=0.000
G_10_39=88.000
G_11_16=121.000
G_12_5=0.000
G_12_15=0.000
G_12_17=111.000
G_12_38=-0.000
G_13_19=68.000
G_13_25=49.000
G_14_25=119.000
G_15_33=89.000
G_15_37=41.000
G_16_11=19.000
G_16_29=106.000
G_16_32=0.000
G_17_12=29.000
G_17_37=108.000
G_18_0=9.000
G_18_4=90.000
G_18_25=-0.000
G_19_4=59.000
G_19_13=72.000
G_19_37=-0.000
G_20_2=44.000
G_20_35=68.000
G_20_36=-0.000
G_21_16=-0.000
G_21_29=40.000
G_21_34=92.000
G_22_1=7.000
G_22_28=125.000
G_22_31=-0.000
G_22_35=0.000
G_23_7=75.000
G_23_24=49.000
G_24_6=39.000
G_24_23=91.000
G_25_13=91.000
G_25_14=21.000
G_25_18=0.000
G_26_7=84.000
G_26_31=49.000
G_27_8=125.000
G_28_3=111.000
G_28_22=15.000
G_29_16=34.000
G_29_20=0.000
G_29_21=100.000
G_29_35=-0.000
G_30_9=47.000
G_30_34=74.000
G_30_39=0.000
G_31_8=38.000
G_31_22=0.000
G_31_26=91.000
G_32_0=2.000
G_32_2=126.000
G_32_8=0.000
G_32_16=-0.000
G_33_15=51.000
G_33_39=66.000
G_34_21=48.000
G_34_30=66.000
G_35_20=72.000
G_35_22=-0.000
G_35_29=0.000
G_35_36=51.000
G_36_3=45.000
G_36_20=0.000
G_36_35=89.000
G_37_15=99.000
G_37_17=32.000
G_37_19=0.000
G_38_0=21.000
G_38_5=0.000
G_38_9=104.000
G_38_12=0.000
G_39_10=52.000
G_39_33=74.000
G_40_1=140.000
G_40_11=140.000
G_40_12=140.000
G_40_14=140.000
G_40_17=0.000
G_40_27=140.000
