Optimal: 458
Best Bound: 450.4029114108834
Columns: 3120
N Iter: 4349136
N Nodes: 69894
Status: time limit exceeded
Time: 2000.5159999999996
Limit: True
solution for: CVRP_GG
objective: 458
x_0_1=1
x_0_5=1
x_0_11=1
x_0_18=1
x_0_27=1
x_1_22=1
x_2_32=1
x_3_36=1
x_4_19=1
x_5_10=1
x_6_0=1
x_7_23=1
x_8_31=1
x_9_38=1
x_10_39=1
x_11_16=1
x_12_0=1
x_13_25=1
x_14_0=1
x_15_37=1
x_16_29=1
x_17_12=1
x_18_4=1
x_19_13=1
x_20_2=1
x_21_34=1
x_22_28=1
x_23_24=1
x_24_6=1
x_25_14=1
x_26_7=1
x_27_8=1
x_28_3=1
x_29_21=1
x_30_9=1
x_31_26=1
x_32_0=1
x_33_15=1
x_34_30=1
x_35_20=1
x_36_35=1
x_37_17=1
x_38_0=1
x_39_33=1
F_0_18=9.000
F_0_27=24.000
F_1_22=7.000
F_2_32=126.000
F_3_36=45.000
F_4_19=59.000
F_5_10=21.000
F_6_0=140.000
F_7_23=99.000
F_8_31=62.000
F_9_38=104.000
F_10_39=26.000
F_11_16=19.000
F_12_0=114.000
F_13_25=91.000
F_14_0=140.000
F_15_37=73.000
F_16_29=34.000
F_17_12=85.000
F_18_4=50.000
F_19_13=68.000
F_20_2=96.000
F_21_34=48.000
F_22_28=15.000
F_23_24=115.000
F_24_6=125.000
F_25_14=119.000
F_26_7=80.000
F_27_8=39.000
F_28_3=29.000
F_29_21=40.000
F_30_9=93.000
F_31_26=73.000
F_32_0=138.000
F_33_15=63.000
F_34_30=74.000
F_35_20=68.000
F_36_35=51.000
F_37_17=82.000
F_38_0=119.000
F_39_33=40.000
