Optimal: 458
Best Bound: 366.4934950613424
Columns: 1599
N Iter: 4929978
N Nodes: 554573
Status: time limit exceeded
Time: 2000.2030000000013
Limit: True
solution for: CVRP_MTZ
objective: 470
x_0_11=1
x_0_12=1
x_0_18=1
x_0_27=1
x_0_32=1
x_1_0=1
x_2_29=1
x_3_28=1
x_4_19=1
x_5_10=1
x_6_0=1
x_7_23=1
x_8_26=1
x_9_38=1
x_10_30=1
x_11_16=1
x_12_5=1
x_13_25=1
x_14_0=1
x_15_37=1
x_16_2=1
x_17_0=1
x_18_4=1
x_19_13=1
x_20_35=1
x_21_34=1
x_22_1=1
x_23_24=1
x_24_6=1
x_25_14=1
x_26_7=1
x_27_8=1
x_28_31=1
x_29_21=1
x_30_39=1
x_31_22=1
x_32_20=1
x_33_15=1
x_34_9=1
x_35_36=1
x_36_3=1
x_37_17=1
x_38_0=1
x_39_33=1
U_1=119
U_2=64
U_3=79
U_4=50
U_5=50
U_6=105
U_7=64
U_8=38
U_9=115
U_10=55
U_11=19
U_12=29
U_13=82
U_14=131
U_15=121
U_16=34
U_17=133
U_18=41
U_19=59
U_20=40
U_21=78
U_22=112
U_23=80
U_24=90
U_25=110
U_26=45
U_27=15
U_28=93
U_29=70
U_30=74
U_31=104
U_32=12
U_33=111
U_34=104
U_35=57
U_36=63
U_37=130
U_38=130
U_39=88
